/root/user-data/TVM_GPU/code/modelCode/model/vgg19/(1, 64, 224, 224)(64, 64, 3, 3)_1_1_0.8499891493055556_kernel_name [1.0873612659999998, 0.47564391, 0.4919719696044922, 50.95628544688225]
/root/user-data/TVM_GPU/code/modelCode/model/vgg19/(1, 64, 112, 112)(128, 64, 3, 3)_1_1_0.8500027126736112_kernel_name [0.301482285, 0.16154001, 0.15571832656860352, 8.171626552939415]
/root/user-data/TVM_GPU/code/modelCode/model/vgg19/(1, 128, 112, 112)(128, 128, 3, 3)_1_1_0.9000040690104166_kernel_name [0.580647697, 0.34771571, 0.2130126953125, 14.531503841280937]
/root/user-data/TVM_GPU/code/modelCode/model/vgg19/(1, 128, 56, 56)(256, 128, 3, 3)_1_1_0.8999972873263888_kernel_name [0.181809526, 0.18293040000000002, 0.1417255401611328, 2.806992679834366]
/root/user-data/TVM_GPU/code/modelCode/model/vgg19/(1, 256, 56, 56)(256, 256, 3, 3)_1_1_0.9249996609157987_kernel_name [0.322132992, 0.33278413, 0.23174047470092773, 5.495432987809181]
/root/user-data/TVM_GPU/code/modelCode/model/vgg19/(1, 256, 56, 56)(256, 256, 3, 3)_1_1_0.9249996609157987_kernel_name [0.31837543799999996, 0.28723635999999997, 0.2165675163269043, 5.43058417737484]
/root/user-data/TVM_GPU/code/modelCode/model/vgg19/(1, 256, 56, 56)(256, 256, 3, 3)_1_1_0.9000006781684028_kernel_name [0.42939197, 0.35250835, 0.2126145362854004, 5.401848182082176]
/root/user-data/TVM_GPU/code/modelCode/model/vgg19/(1, 256, 28, 28)(512, 256, 3, 3)_1_1_0.8999998304578993_kernel_name [0.298968527, 0.16093396999999998, 0.170135498046875, 1.6607163101434708]
/root/user-data/TVM_GPU/code/modelCode/model/vgg19/(1, 512, 28, 28)(512, 512, 3, 3)_1_1_0.9250000847710503_kernel_name [0.4586191, 0.35929676, 0.3317999839782715, 2.558482438325882]
/root/user-data/TVM_GPU/code/modelCode/model/vgg19/(1, 512, 28, 28)(512, 512, 3, 3)_1_1_0.9250000847710503_kernel_name [0.459337642, 0.35951481, 0.3209400177001953, 2.5668035447597504]
/root/user-data/TVM_GPU/code/modelCode/model/vgg19/(1, 512, 28, 28)(512, 512, 3, 3)_1_1_0.9250000847710503_kernel_name [0.457732205, 0.35944731, 0.2778291702270508, 2.517806962132454]
/root/user-data/TVM_GPU/code/modelCode/model/vgg19/(1, 512, 14, 14)(512, 512, 3, 3)_1_1_0.900000254313151_kernel_name [0.214498144, 0.30745992, 0.2004241943359375, 0.6305115669965744]
/root/user-data/TVM_GPU/code/modelCode/model/vgg19/(1, 512, 14, 14)(512, 512, 3, 3)_1_1_0.900000254313151_kernel_name [0.207102816, 0.30711211, 0.22502422332763672, 0.6781471520662308]
/root/user-data/TVM_GPU/code/modelCode/model/vgg19/(1, 512, 14, 14)(512, 512, 3, 3)_1_1_0.9250000847710503_kernel_name [0.161271025, 0.17060742, 0.1811981201171875, 0.5888381600379944]
/root/user-data/TVM_GPU/code/modelCode/model/vgg19/(1, 512, 14, 14)(512, 512, 3, 3)_1_1_0.9250000847710503_kernel_name [0.161291983, 0.17068809, 0.23245811462402344, 0.6468634307384491]
