/root/user-data/TVM_GPU/code/modelCode/model/yolov8/(1, 96, 80, 80)(96, 96, 3, 3)_1_1_0.9282045717592593_kernel_name [0.08028057400000001, 0.11268554, 0.11594533920288086, 0.18369674682617188]
/root/user-data/TVM_GPU/code/modelCode/model/yolov8/(1, 48, 320, 320)(96, 48, 3, 3)_1_2_0.8498987268518519_kernel_name [0.436229062, 0.24616952, 0.7105207443237305, 30.51854930818081]
/root/user-data/TVM_GPU/code/modelCode/model/yolov8/(1, 96, 80, 80)(96, 96, 3, 3)_1_1_0.9282045717592593_kernel_name [0.080723221, 0.11287643, 0.11441469192504883, 7.453340962529182]
/root/user-data/TVM_GPU/code/modelCode/model/yolov8/(1, 96, 80, 80)(96, 96, 3, 3)_1_1_0.8332007137345678_kernel_name [0.18374925099999997, 0.09010998000000002, 0.09744882583618164, 8.162032812833786]
/root/user-data/TVM_GPU/code/modelCode/model/yolov8/(1, 96, 80, 80)(96, 96, 3, 3)_1_1_0.8648967978395061_kernel_name [0.14796704, 0.0983527, 0.10399341583251953, 4.111986309289932]
/root/user-data/TVM_GPU/code/modelCode/model/yolov8/(1, 96, 80, 80)(96, 96, 3, 3)_1_1_0.8145978009259259_kernel_name [0.20394783, 0.12285534, 0.1549839973449707, 4.356683939695358]
/root/user-data/TVM_GPU/code/modelCode/model/yolov8/(1, 48, 320, 320)(96, 48, 3, 3)_1_2_0.8498987268518519_kernel_name [0.432535142, 0.24613844, 0.5063748359680176, 25.902313888072968]
/root/user-data/TVM_GPU/code/modelCode/model/yolov8/(1, 96, 80, 80)(96, 96, 3, 3)_1_1_0.9282045717592593_kernel_name [0.08090101699999999, 0.09677168, 0.09233951568603516, 7.253983989357948]
/root/user-data/TVM_GPU/code/modelCode/model/yolov8/(1, 96, 80, 80)(96, 96, 3, 3)_1_1_0.8332007137345678_kernel_name [0.182552189, 0.07753232, 0.08973836898803711, 8.100367560982704]
/root/user-data/TVM_GPU/code/modelCode/model/yolov8/(1, 96, 80, 80)(96, 96, 3, 3)_1_1_0.8648967978395061_kernel_name [0.147794412, 0.08613832999999999, 0.08952140808105469, 4.032956585288048]
/root/user-data/TVM_GPU/code/modelCode/model/yolov8/(1, 96, 80, 80)(96, 96, 3, 3)_1_1_0.8145978009259259_kernel_name [0.202659955, 0.10484837000000001, 0.09023427963256836, 4.309189170598984]
/root/user-data/TVM_GPU/code/modelCode/model/yolov8/(1, 192, 80, 80)(384, 192, 3, 3)_1_2_0.814599307966821_kernel_name [0.37912709499999997, 0.26678284, 0.4111671447753906, 2.8601711988449097]
/root/user-data/TVM_GPU/code/modelCode/model/yolov8/(1, 192, 40, 40)(192, 192, 3, 3)_1_1_0.9112985869984568_kernel_name [0.096229994, 0.10006166000000001, 0.11855363845825195, 1.9766853749752042]
/root/user-data/TVM_GPU/code/modelCode/model/yolov8/(1, 192, 40, 40)(192, 192, 3, 3)_1_1_0.8905014226466049_kernel_name [0.11794421699999999, 0.14985247000000002, 0.13211965560913086, 1.6523250192403793]
/root/user-data/TVM_GPU/code/modelCode/model/yolov8/(1, 192, 40, 40)(192, 192, 3, 3)_1_1_0.8648998119212963_kernel_name [0.144440946, 0.14196965, 0.13147592544555664, 1.6598381102085114]
/root/user-data/TVM_GPU/code/modelCode/model/yolov8/(1, 1152, 40, 40)(384, 1152, 1, 1)_0_1_0.8146000614872685_kernel_name [0.266665964, 0.17036545, 0.2859783172607422, 2.145766168832779]
/root/user-data/TVM_GPU/code/modelCode/model/yolov8/(1, 384, 40, 40)(576, 384, 3, 3)_1_2_0.8783998842592593_kernel_name [0.209693262, 0.31240155000000003, 0.34728288650512695, 1.1523938179016113]
/root/user-data/TVM_GPU/code/modelCode/model/yolov8/(1, 288, 20, 20)(288, 288, 3, 3)_1_1_0.8648994770233196_kernel_name [0.097938628, 0.07702927, 0.23351430892944336, 0.7545015215873718]
/root/user-data/TVM_GPU/code/modelCode/model/yolov8/(1, 288, 20, 20)(288, 288, 3, 3)_1_1_0.8783998842592593_kernel_name [0.087649328, 0.12234069, 0.22301673889160156, 0.7710899412631989]
/root/user-data/TVM_GPU/code/modelCode/model/yolov8/(1, 288, 20, 20)(288, 288, 3, 3)_1_1_0.9113002614883402_kernel_name [0.067233895, 0.12420193, 0.22622108459472656, 0.6612556427717209]
/root/user-data/TVM_GPU/code/modelCode/model/yolov8/(1, 288, 20, 20)(288, 288, 3, 3)_1_1_0.8783998842592593_kernel_name [0.08786499, 0.14203259, 0.23133039474487305, 0.8290344476699829]
