/root/user-data/TVM_GPU/code/modelCode/model/resnet18/(1, 64, 56, 56)(64, 64, 3, 3)_1_1_0.8249782986111112_kernel_name [0.041925198999999996, 0.033206559999999996, 0.08428812026977539, 3.066331371665001]
/root/user-data/TVM_GPU/code/modelCode/model/resnet18/(1, 64, 56, 56)(64, 64, 3, 3)_1_1_0.875_kernel_name [0.030646436000000003, 0.04467844000000001, 0.08707046508789062, 2.9488754272460938]
/root/user-data/TVM_GPU/code/modelCode/model/resnet18/(1, 64, 56, 56)(64, 64, 3, 3)_1_1_0.8999837239583334_kernel_name [0.025372865, 0.04238536999999999, 0.08651018142700195, 2.5352947413921356]
/root/user-data/TVM_GPU/code/modelCode/model/resnet18/(1, 64, 56, 56)(64, 64, 3, 3)_1_1_0.8999837239583334_kernel_name [0.02535895, 0.04238798, 0.0859689712524414, 2.5853101909160614]
/root/user-data/TVM_GPU/code/modelCode/model/resnet18/(1, 64, 56, 56)(128, 64, 3, 3)_1_2_0.8249918619791666_kernel_name [0.044772016, 0.028238020000000003, 0.19706964492797852, 0.7083763182163239]
/root/user-data/TVM_GPU/code/modelCode/model/resnet18/(1, 128, 28, 28)(128, 128, 3, 3)_1_1_0.875_kernel_name [0.060340870000000005, 0.052786259999999995, 0.09241342544555664, 0.9110546857118607]
/root/user-data/TVM_GPU/code/modelCode/model/resnet18/(1, 64, 56, 56)(128, 64, 1, 1)_0_2_0.824951171875_kernel_name [0.008471546, 0.0060141199999999995, 0.06278514862060547, 0.44300608336925507]
/root/user-data/TVM_GPU/code/modelCode/model/resnet18/(1, 128, 28, 28)(128, 128, 3, 3)_1_1_0.9000040690104166_kernel_name [0.049389994, 0.05725024000000001, 0.08664131164550781, 0.7272635400295258]
/root/user-data/TVM_GPU/code/modelCode/model/resnet18/(1, 128, 28, 28)(128, 128, 3, 3)_1_1_0.875_kernel_name [0.060321007, 0.05279316999999999, 0.08813142776489258, 0.9031514078378677]
/root/user-data/TVM_GPU/code/modelCode/model/resnet18/(1, 128, 28, 28)(256, 128, 3, 3)_1_2_0.875_kernel_name [0.046965025, 0.04374817000000001, 0.207366943359375, 0.3690119832754135]
/root/user-data/TVM_GPU/code/modelCode/model/resnet18/(1, 256, 14, 14)(256, 256, 3, 3)_1_1_0.9000006781684028_kernel_name [0.084188222, 0.08973646, 0.11914968490600586, 0.4111521691083908]
/root/user-data/TVM_GPU/code/modelCode/model/resnet18/(1, 128, 28, 28)(256, 128, 1, 1)_0_2_0.824981689453125_kernel_name [0.01179933, 0.008521149999999998, 0.06203889846801757, 0.2702823281288147]
/root/user-data/TVM_GPU/code/modelCode/model/resnet18/(1, 256, 14, 14)(256, 256, 3, 3)_1_1_0.9000006781684028_kernel_name [0.084460637, 0.08977809999999999, 0.10943412780761719, 0.417521595954895]
/root/user-data/TVM_GPU/code/modelCode/model/resnet18/(1, 256, 14, 14)(256, 256, 3, 3)_1_1_0.875_kernel_name [0.109069407, 0.06071483, 0.1095271110534668, 0.5013477802276611]
/root/user-data/TVM_GPU/code/modelCode/model/resnet18/(1, 256, 14, 14)(512, 256, 3, 3)_1_2_0.875_kernel_name [0.031393876, 0.09308723000000002, 0.1263141632080078, 0.28008103370666504]
/root/user-data/TVM_GPU/code/modelCode/model/resnet18/(1, 512, 7, 7)(512, 512, 3, 3)_1_1_0.8249999152289497_kernel_name [0.089957674, 0.14792711, 0.2672719955444336, 0.3614811599254608]
/root/user-data/TVM_GPU/code/modelCode/model/resnet18/(1, 256, 14, 14)(512, 256, 1, 1)_0_2_0.8250045776367188_kernel_name [0.008135546, 0.00974819, 0.06867170333862305, 0.21880701184272766]
/root/user-data/TVM_GPU/code/modelCode/model/resnet18/(1, 512, 7, 7)(512, 512, 3, 3)_1_1_0.875_kernel_name [0.057152873, 0.12396958, 0.2177572250366211, 0.3298138827085495]
/root/user-data/TVM_GPU/code/modelCode/model/resnet18/(1, 512, 7, 7)(512, 512, 3, 3)_1_1_0.875_kernel_name [0.057022852, 0.12389538, 0.21493911743164062, 0.33082619309425354]
