/root/user-data/TVM_GPU/code/modelCode/model/resnet50/(1, 44, 56, 56)(179, 44, 1, 1)_0_1_0.8505586592178771_kernel_name [0.012499743, 0.0208855, 0.12857913970947266, 6.593649387359619]
/root/user-data/TVM_GPU/code/modelCode/model/resnet50/(1, 44, 56, 56)(44, 44, 1, 1)_0_1_0.8713842975206612_kernel_name [0.0047315230000000005, 0.00636688, 0.07016658782958984, 0.21697282791137695]
/root/user-data/TVM_GPU/code/modelCode/model/resnet50/(1, 44, 56, 56)(44, 44, 3, 3)_1_1_0.8382690541781451_kernel_name [0.020821158, 0.018633049999999998, 0.5438804626464844, 0.22620439529418945]
/root/user-data/TVM_GPU/code/modelCode/model/resnet50/(1, 44, 56, 56)(179, 44, 1, 1)_0_1_0.8486541391569324_kernel_name [0.010705135000000001, 0.020992320000000005, 0.06695747375488281, 0.17986536026000977]
/root/user-data/TVM_GPU/code/modelCode/model/resnet50/(1, 179, 56, 56)(44, 179, 1, 1)_0_1_0.8525901472828847_kernel_name [0.008742551000000001, 0.02794221, 0.06028890609741211, 0.1814556121826172]
/root/user-data/TVM_GPU/code/modelCode/model/resnet50/(1, 44, 56, 56)(44, 44, 3, 3)_1_1_0.8415977961432507_kernel_name [0.017238936, 0.023614959999999997, 0.16626358032226562, 0.1921844482421875]
/root/user-data/TVM_GPU/code/modelCode/model/resnet50/(1, 44, 56, 56)(179, 44, 1, 1)_0_1_0.8532249873031996_kernel_name [0.01086328, 0.02192895, 0.06009340286254883, 0.19576549530029297]
/root/user-data/TVM_GPU/code/modelCode/model/resnet50/(1, 179, 56, 56)(44, 179, 1, 1)_0_1_0.8522092432706958_kernel_name [0.010451386, 0.03738753, 0.06372213363647461, 0.1803135871887207]
/root/user-data/TVM_GPU/code/modelCode/model/resnet50/(1, 44, 56, 56)(44, 44, 3, 3)_1_1_0.838613406795225_kernel_name [0.017830604, 0.02476202, 0.1437687873840332, 0.1802539825439453]
/root/user-data/TVM_GPU/code/modelCode/model/resnet50/(1, 44, 56, 56)(179, 44, 1, 1)_0_1_0.8552564753682073_kernel_name [0.010733985, 0.02127276, 0.08702993392944336, 0.1826930046081543]
/root/user-data/TVM_GPU/code/modelCode/model/resnet50/(1, 179, 56, 56)(89, 179, 1, 1)_0_1_0.8446425208712574_kernel_name [0.016297633000000002, 0.04962936999999999, 0.06025552749633789, 0.19356012344360352]
/root/user-data/TVM_GPU/code/modelCode/model/resnet50/(1, 89, 28, 28)(358, 89, 1, 1)_0_1_0.838742075199297_kernel_name [0.020111927999999998, 0.0258539, 0.08729934692382812, 0.28897523880004883]
/root/user-data/TVM_GPU/code/modelCode/model/resnet50/(1, 358, 28, 28)(89, 358, 1, 1)_0_1_0.8422886196723369_kernel_name [0.016693259000000002, 0.04550324, 0.1488327980041504, 0.18113374710083008]
/root/user-data/TVM_GPU/code/modelCode/model/resnet50/(1, 89, 28, 28)(89, 89, 3, 3)_1_1_0.8349815539564309_kernel_name [0.03223348, 0.05165364000000001, 0.10911703109741211, 0.18432855606079102]
/root/user-data/TVM_GPU/code/modelCode/model/resnet50/(1, 89, 28, 28)(358, 89, 1, 1)_0_1_0.8411587470968551_kernel_name [0.025616332, 0.032021850000000004, 0.08905172348022461, 0.18275022506713867]
/root/user-data/TVM_GPU/code/modelCode/model/resnet50/(1, 358, 28, 28)(89, 358, 1, 1)_0_1_0.8404682694118386_kernel_name [0.014907924, 0.04693505, 0.1537775993347168, 0.18243789672851562]
/root/user-data/TVM_GPU/code/modelCode/model/resnet50/(1, 89, 28, 28)(89, 89, 3, 3)_1_1_0.8330597988469469_kernel_name [0.032189851, 0.05129373, 0.0859975814819336, 0.18113136291503906]
/root/user-data/TVM_GPU/code/modelCode/model/resnet50/(1, 89, 28, 28)(358, 89, 1, 1)_0_1_0.8400602598706923_kernel_name [0.023068795000000003, 0.028753959999999995, 0.07838249206542969, 0.18122196197509766]
/root/user-data/TVM_GPU/code/modelCode/model/resnet50/(1, 358, 28, 28)(89, 358, 1, 1)_0_1_0.8430104827066726_kernel_name [0.015744755, 0.05681302, 0.15020370483398438, 0.18384218215942383]
/root/user-data/TVM_GPU/code/modelCode/model/resnet50/(1, 89, 28, 28)(89, 89, 3, 3)_1_1_0.8327932780653396_kernel_name [0.032706777, 0.04667121, 0.11544942855834961, 0.18080472946166992]
/root/user-data/TVM_GPU/code/modelCode/model/resnet50/(1, 89, 28, 28)(358, 89, 1, 1)_0_1_0.8387106898499781_kernel_name [0.02446602, 0.02372646, 0.09376049041748047, 0.18207788467407227]
/root/user-data/TVM_GPU/code/modelCode/model/resnet50/(1, 358, 28, 28)(179, 358, 1, 1)_0_1_0.8352423457445148_kernel_name [0.02800488, 0.05384806, 0.14793157577514648, 0.19249439239501953]
/root/user-data/TVM_GPU/code/modelCode/model/resnet50/(1, 179, 14, 14)(716, 179, 1, 1)_0_1_0.8310055865921788_kernel_name [0.029505033, 0.03247871, 0.09496927261352539, 59.61769104003906]
/root/user-data/TVM_GPU/code/modelCode/model/resnet50/(1, 716, 14, 14)(179, 716, 1, 1)_0_1_0.8341734028276271_kernel_name [0.025650817, 0.055920359999999995, 0.14855146408081055, 0.19221067428588867]
/root/user-data/TVM_GPU/code/modelCode/model/resnet50/(1, 179, 14, 14)(179, 179, 3, 3)_1_1_0.829149457812733_kernel_name [0.053956409999999996, 0.09457940999999999, 0.20015716552734375, 0.1910114288330078]
/root/user-data/TVM_GPU/code/modelCode/model/resnet50/(1, 179, 14, 14)(716, 179, 1, 1)_0_1_0.8326753222433757_kernel_name [0.029258009, 0.04417154, 0.06654977798461914, 0.19159793853759766]
/root/user-data/TVM_GPU/code/modelCode/model/resnet50/(1, 716, 14, 14)(179, 716, 1, 1)_0_1_0.8318638619269061_kernel_name [0.024923761, 0.059745879999999994, 0.13392210006713867, 0.1830744743347168]
/root/user-data/TVM_GPU/code/modelCode/model/resnet50/(1, 179, 14, 14)(179, 179, 3, 3)_1_1_0.8286500976179825_kernel_name [0.053750461, 0.10057805999999998, 0.1894092559814453, 0.19257783889770508]
/root/user-data/TVM_GPU/code/modelCode/model/resnet50/(1, 179, 14, 14)(716, 179, 1, 1)_0_1_0.8327845572859773_kernel_name [0.029874176, 0.04413838, 0.06476640701293945, 0.1952528953552246]
/root/user-data/TVM_GPU/code/modelCode/model/resnet50/(1, 716, 14, 14)(179, 716, 1, 1)_0_1_0.8319965044786367_kernel_name [0.023592535, 0.055613859999999994, 0.15306711196899414, 0.19213438034057617]
/root/user-data/TVM_GPU/code/modelCode/model/resnet50/(1, 179, 14, 14)(179, 179, 3, 3)_1_1_0.8277970239519504_kernel_name [0.050947328, 0.10040456, 0.18560171127319336, 0.1911330223083496]
/root/user-data/TVM_GPU/code/modelCode/model/resnet50/(1, 179, 14, 14)(716, 179, 1, 1)_0_1_0.8326050997159888_kernel_name [0.030512008, 0.03205334, 0.06465435028076172, 0.19380807876586914]
/root/user-data/TVM_GPU/code/modelCode/model/resnet50/(1, 716, 14, 14)(179, 716, 1, 1)_0_1_0.8325270746855591_kernel_name [0.023928560999999997, 0.05799725, 0.1519322395324707, 0.1948261260986328]
/root/user-data/TVM_GPU/code/modelCode/model/resnet50/(1, 179, 14, 14)(179, 179, 3, 3)_1_1_0.8297701902770409_kernel_name [0.047095405, 0.10013244999999998, 0.19011259078979492, 0.19136667251586914]
/root/user-data/TVM_GPU/code/modelCode/model/resnet50/(1, 179, 14, 14)(716, 179, 1, 1)_0_1_0.832917199837708_kernel_name [0.030394319, 0.04339442, 0.08068561553955078, 0.19500494003295898]
/root/user-data/TVM_GPU/code/modelCode/model/resnet50/(1, 716, 14, 14)(179, 716, 1, 1)_0_1_0.8331200649168253_kernel_name [0.023101925000000002, 0.05563811, 0.14519691467285156, 0.19217491149902344]
/root/user-data/TVM_GPU/code/modelCode/model/resnet50/(1, 179, 14, 14)(179, 179, 3, 3)_1_1_0.828691710967545_kernel_name [0.045749278, 0.10326003, 0.18147706985473633, 0.1829695701599121]
/root/user-data/TVM_GPU/code/modelCode/model/resnet50/(1, 179, 14, 14)(716, 179, 1, 1)_0_1_0.8331668799350832_kernel_name [0.030220683999999998, 0.039401549999999994, 0.07826089859008789, 0.17943382263183594]
/root/user-data/TVM_GPU/code/modelCode/model/resnet50/(1, 716, 14, 14)(358, 716, 1, 1)_0_1_0.8299249399207266_kernel_name [0.055279807, 0.06832136999999999, 0.07396221160888672, 0.17949342727661133]
/root/user-data/TVM_GPU/code/modelCode/model/resnet50/(1, 358, 7, 7)(2048, 358, 1, 1)_0_1_0.8805088490747207_kernel_name [0.015904445, 0.05103274, 0.05928993225097656, 11.917965412139893]
/root/user-data/TVM_GPU/code/modelCode/model/resnet50/(1, 2048, 7, 7)(358, 2048, 1, 1)_0_1_0.8808116380062849_kernel_name [0.113183989, 0.07149645, 0.24097204208374023, 0.18018007278442383]
/root/user-data/TVM_GPU/code/modelCode/model/resnet50/(1, 358, 7, 7)(358, 358, 3, 3)_1_1_0.82492050116344_kernel_name [0.227800343, 0.11281406000000001, 0.2362966537475586, 0.1953291893005371]
/root/user-data/TVM_GPU/code/modelCode/model/resnet50/(1, 358, 7, 7)(2048, 358, 1, 1)_0_1_0.8811335217353352_kernel_name [0.017064568999999998, 0.050972439999999994, 0.0640106201171875, 0.19268035888671875]
/root/user-data/TVM_GPU/code/modelCode/model/resnet50/(1, 2048, 7, 7)(358, 2048, 1, 1)_0_1_0.8811867143854748_kernel_name [0.09842684199999999, 0.05353206, 0.2523493766784668, 0.1911616325378418]
/root/user-data/TVM_GPU/code/modelCode/model/resnet50/(1, 358, 7, 7)(358, 358, 3, 3)_1_1_0.8249759856295233_kernel_name [0.20572497, 0.13894989, 0.22269010543823242, 0.1924300193786621]
/root/user-data/TVM_GPU/code/modelCode/model/resnet50/(1, 358, 7, 7)(2048, 358, 1, 1)_0_1_0.8809262067912011_kernel_name [0.017213390000000002, 0.04757174, 0.0630331039428711, 0.19365549087524414]
/root/user-data/TVM_GPU/code/modelCode/model/resnet50/(1, 179, 56, 56)(358, 179, 1, 1)_0_2_0.8360225960488125_kernel_name [0.043409561, 0.07570836, 0.39319276809692383, 8.09988260269165]
/root/user-data/TVM_GPU/code/modelCode/model/resnet50/(1, 89, 56, 56)(89, 89, 3, 3)_1_2_0.8331299358947384_kernel_name [0.0325117, 0.07032193, 0.37340641021728516, 0.2211308479309082]
/root/user-data/TVM_GPU/code/modelCode/model/resnet50/(1, 358, 28, 28)(716, 358, 1, 1)_0_2_0.8290978745981711_kernel_name [0.056701341999999995, 0.07625432, 0.08675813674926758, 0.26637792587280273]
/root/user-data/TVM_GPU/code/modelCode/model/resnet50/(1, 179, 28, 28)(179, 179, 3, 3)_1_2_0.8279877518041121_kernel_name [0.045375766, 0.11678051, 0.28320789337158203, 0.21813631057739258]
/root/user-data/TVM_GPU/code/modelCode/model/resnet50/(1, 716, 14, 14)(2048, 716, 1, 1)_0_2_0.8795472896298883_kernel_name [0.0290199, 0.13097957999999998, 0.11266469955444336, 0.23508071899414062]
/root/user-data/TVM_GPU/code/modelCode/model/resnet50/(1, 358, 14, 14)(358, 358, 3, 3)_1_2_0.8250626801077786_kernel_name [0.212541268, 0.15985959000000002, 0.14484405517578125, 0.19327402114868164]
