/root/user-data/TVM_GPU/code/modelCode/model/resnet50/(1, 44, 56, 56)(179, 44, 1, 1)_0_1_0.8505586592178771_kernel_name [0.012506473, 0.020882010000000003, 0.15821456909179688, 7.197754085063934]
/root/user-data/TVM_GPU/code/modelCode/model/resnet50/(1, 44, 56, 56)(44, 44, 1, 1)_0_1_0.8713842975206612_kernel_name [0.011389172999999999, 0.00636746, 0.06001710891723633, 0.8906470239162445]
/root/user-data/TVM_GPU/code/modelCode/model/resnet50/(1, 44, 56, 56)(44, 44, 3, 3)_1_1_0.8382690541781451_kernel_name [0.021437232, 0.01866387, 0.34888505935668945, 2.5867928564548492]
/root/user-data/TVM_GPU/code/modelCode/model/resnet50/(1, 44, 56, 56)(179, 44, 1, 1)_0_1_0.8486541391569324_kernel_name [0.010584360000000001, 0.020972119999999997, 0.049076080322265625, 1.0528387129306793]
/root/user-data/TVM_GPU/code/modelCode/model/resnet50/(1, 179, 56, 56)(44, 179, 1, 1)_0_1_0.8525901472828847_kernel_name [0.008709528000000001, 0.03227242, 0.046563148498535156, 1.3683779537677765]
/root/user-data/TVM_GPU/code/modelCode/model/resnet50/(1, 44, 56, 56)(44, 44, 3, 3)_1_1_0.8415977961432507_kernel_name [0.017141860000000002, 0.023392859999999998, 0.1257467269897461, 1.8954472243785858]
/root/user-data/TVM_GPU/code/modelCode/model/resnet50/(1, 44, 56, 56)(179, 44, 1, 1)_0_1_0.8532249873031996_kernel_name [0.010736098, 0.02168908, 0.0479888916015625, 0.9561005234718323]
/root/user-data/TVM_GPU/code/modelCode/model/resnet50/(1, 179, 56, 56)(44, 179, 1, 1)_0_1_0.8522092432706958_kernel_name [0.008883455, 0.04310627, 0.06319522857666016, 1.5851841121912003]
/root/user-data/TVM_GPU/code/modelCode/model/resnet50/(1, 44, 56, 56)(44, 44, 3, 3)_1_1_0.838613406795225_kernel_name [0.017799146000000002, 0.024779569999999997, 0.17404556274414062, 2.441132888197899]
/root/user-data/TVM_GPU/code/modelCode/model/resnet50/(1, 44, 56, 56)(179, 44, 1, 1)_0_1_0.8552564753682073_kernel_name [0.010715526999999999, 0.021305229999999998, 0.06206035614013672, 1.218622848391533]
/root/user-data/TVM_GPU/code/modelCode/model/resnet50/(1, 179, 56, 56)(358, 179, 1, 1)_0_2_0.8360225960488125_kernel_name [0.043305171, 0.08759892, 0.0950312614440918, 0.7050234079360962]
/root/user-data/TVM_GPU/code/modelCode/model/resnet50/(1, 179, 56, 56)(89, 179, 1, 1)_0_1_0.8446425208712574_kernel_name [0.018972216, 0.05749281999999999, 0.06130695343017578, 1.6161010414361954]
/root/user-data/TVM_GPU/code/modelCode/model/resnet50/(1, 89, 56, 56)(89, 89, 3, 3)_1_2_0.8331299358947384_kernel_name [0.027616672000000002, 0.08136629, 0.11787652969360352, 0.9099327772855759]
/root/user-data/TVM_GPU/code/modelCode/model/resnet50/(1, 89, 28, 28)(358, 89, 1, 1)_0_1_0.838742075199297_kernel_name [0.0235204, 0.02995195, 0.06188392639160156, 0.502830371260643]
/root/user-data/TVM_GPU/code/modelCode/model/resnet50/(1, 358, 28, 28)(89, 358, 1, 1)_0_1_0.8422886196723369_kernel_name [0.01648659, 0.05271545, 0.15755891799926758, 0.8105644583702087]
/root/user-data/TVM_GPU/code/modelCode/model/resnet50/(1, 89, 28, 28)(89, 89, 3, 3)_1_1_0.8349815539564309_kernel_name [0.032210847, 0.06004855, 0.09116411209106445, 0.892685055732727]
/root/user-data/TVM_GPU/code/modelCode/model/resnet50/(1, 89, 28, 28)(358, 89, 1, 1)_0_1_0.8411587470968551_kernel_name [0.024910623, 0.03698079, 0.06083965301513672, 0.5662524700164795]
/root/user-data/TVM_GPU/code/modelCode/model/resnet50/(1, 358, 28, 28)(89, 358, 1, 1)_0_1_0.8404682694118386_kernel_name [0.014928918, 0.054289950000000003, 0.2192997932434082, 0.7497382909059525]
/root/user-data/TVM_GPU/code/modelCode/model/resnet50/(1, 89, 28, 28)(89, 89, 3, 3)_1_1_0.8330597988469469_kernel_name [0.032145404999999995, 0.05955009999999999, 0.08574724197387695, 0.904538482427597]
/root/user-data/TVM_GPU/code/modelCode/model/resnet50/(1, 89, 28, 28)(358, 89, 1, 1)_0_1_0.8400602598706923_kernel_name [0.023006869, 0.033507590000000004, 0.06002187728881836, 0.4875260591506958]
/root/user-data/TVM_GPU/code/modelCode/model/resnet50/(1, 358, 28, 28)(89, 358, 1, 1)_0_1_0.8430104827066726_kernel_name [0.015657452, 0.06592687, 0.15398740768432617, 0.8027952909469604]
/root/user-data/TVM_GPU/code/modelCode/model/resnet50/(1, 89, 28, 28)(89, 89, 3, 3)_1_1_0.8327932780653396_kernel_name [0.032578294, 0.05392976, 0.08683204650878906, 0.9198536723852158]
/root/user-data/TVM_GPU/code/modelCode/model/resnet50/(1, 89, 28, 28)(358, 89, 1, 1)_0_1_0.8387106898499781_kernel_name [0.024373318999999997, 0.027842690000000003, 0.06072521209716797, 0.5398687720298767]
/root/user-data/TVM_GPU/code/modelCode/model/resnet50/(1, 358, 28, 28)(716, 358, 1, 1)_0_2_0.8290978745981711_kernel_name [0.056606064000000005, 0.08910337, 0.08826732635498047, 0.4346644878387451]
/root/user-data/TVM_GPU/code/modelCode/model/resnet50/(1, 358, 28, 28)(179, 358, 1, 1)_0_1_0.8352423457445148_kernel_name [0.027925104000000003, 0.053733979999999994, 0.1287698745727539, 0.7598255574703217]
/root/user-data/TVM_GPU/code/modelCode/model/resnet50/(1, 179, 28, 28)(179, 179, 3, 3)_1_2_0.8279877518041121_kernel_name [0.045498199, 0.13558816999999998, 0.2622699737548828, 0.43715886771678925]
/root/user-data/TVM_GPU/code/modelCode/model/resnet50/(1, 179, 14, 14)(716, 179, 1, 1)_0_1_0.8310055865921788_kernel_name [0.029310301, 0.0327914, 0.06989002227783203, 0.3065095841884613]
/root/user-data/TVM_GPU/code/modelCode/model/resnet50/(1, 716, 14, 14)(179, 716, 1, 1)_0_1_0.8341734028276271_kernel_name [0.025570625, 0.06456115, 0.15517473220825195, 0.37613749504089355]
/root/user-data/TVM_GPU/code/modelCode/model/resnet50/(1, 179, 14, 14)(179, 179, 3, 3)_1_1_0.829149457812733_kernel_name [0.053836614, 0.10954642, 0.20741701126098633, 0.47790445387363434]
/root/user-data/TVM_GPU/code/modelCode/model/resnet50/(1, 179, 14, 14)(716, 179, 1, 1)_0_1_0.8326753222433757_kernel_name [0.029096419000000002, 0.05085964999999999, 0.06795644760131836, 0.31318992376327515]
/root/user-data/TVM_GPU/code/modelCode/model/resnet50/(1, 716, 14, 14)(179, 716, 1, 1)_0_1_0.8318638619269061_kernel_name [0.024827143, 0.06904413, 0.15224218368530273, 0.3411597013473511]
/root/user-data/TVM_GPU/code/modelCode/model/resnet50/(1, 179, 14, 14)(179, 179, 3, 3)_1_1_0.8286500976179825_kernel_name [0.053669725999999994, 0.1162161, 0.19431829452514648, 0.4477742314338684]
/root/user-data/TVM_GPU/code/modelCode/model/resnet50/(1, 179, 14, 14)(716, 179, 1, 1)_0_1_0.8327845572859773_kernel_name [0.029752564, 0.05105898, 0.06715059280395508, 0.3201599419116974]
/root/user-data/TVM_GPU/code/modelCode/model/resnet50/(1, 716, 14, 14)(179, 716, 1, 1)_0_1_0.8319965044786367_kernel_name [0.023380659999999998, 0.06454876000000001, 0.13387680053710938, 0.320642814040184]
/root/user-data/TVM_GPU/code/modelCode/model/resnet50/(1, 179, 14, 14)(179, 179, 3, 3)_1_1_0.8277970239519504_kernel_name [0.050718791000000006, 0.11607886000000002, 0.19293546676635742, 0.4656720906496048]
/root/user-data/TVM_GPU/code/modelCode/model/resnet50/(1, 179, 14, 14)(716, 179, 1, 1)_0_1_0.8326050997159888_kernel_name [0.03048109, 0.037215630000000006, 0.06856679916381836, 0.3066239506006241]
/root/user-data/TVM_GPU/code/modelCode/model/resnet50/(1, 716, 14, 14)(179, 716, 1, 1)_0_1_0.8325270746855591_kernel_name [0.023779384, 0.06726481, 0.1517486572265625, 0.3357008099555969]
/root/user-data/TVM_GPU/code/modelCode/model/resnet50/(1, 179, 14, 14)(179, 179, 3, 3)_1_1_0.8297701902770409_kernel_name [0.047155517, 0.11619334, 0.1943039894104004, 0.44269129633903503]
/root/user-data/TVM_GPU/code/modelCode/model/resnet50/(1, 179, 14, 14)(716, 179, 1, 1)_0_1_0.832917199837708_kernel_name [0.030350874, 0.0507786, 0.06798982620239258, 0.31404435634613037]
/root/user-data/TVM_GPU/code/modelCode/model/resnet50/(1, 716, 14, 14)(179, 716, 1, 1)_0_1_0.8331200649168253_kernel_name [0.022887063000000003, 0.06456239999999999, 0.15207290649414062, 0.33366478979587555]
/root/user-data/TVM_GPU/code/modelCode/model/resnet50/(1, 179, 14, 14)(179, 179, 3, 3)_1_1_0.828691710967545_kernel_name [0.045714686, 0.11965061, 0.19339799880981445, 0.4365462064743042]
/root/user-data/TVM_GPU/code/modelCode/model/resnet50/(1, 179, 14, 14)(716, 179, 1, 1)_0_1_0.8331668799350832_kernel_name [0.030128098000000002, 0.045540229999999994, 0.06776571273803711, 0.31329408288002014]
/root/user-data/TVM_GPU/code/modelCode/model/resnet50/(1, 716, 14, 14)(2048, 716, 1, 1)_0_2_0.8795472896298883_kernel_name [0.028801468, 0.14659892, 0.11485815048217773, 0.3943086415529251]
/root/user-data/TVM_GPU/code/modelCode/model/resnet50/(1, 716, 14, 14)(358, 716, 1, 1)_0_1_0.8299249399207266_kernel_name [0.055666325, 0.07855279999999999, 0.0813603401184082, 0.4127568006515503]
/root/user-data/TVM_GPU/code/modelCode/model/resnet50/(1, 358, 14, 14)(358, 358, 3, 3)_1_2_0.8250626801077786_kernel_name [0.21248688799999998, 0.15889309000000001, 0.13218164443969727, 0.30381157994270325]
/root/user-data/TVM_GPU/code/modelCode/model/resnet50/(1, 358, 7, 7)(2048, 358, 1, 1)_0_1_0.8805088490747207_kernel_name [0.015885417, 0.05902579, 0.06945371627807617, 0.2624822407960892]
/root/user-data/TVM_GPU/code/modelCode/model/resnet50/(1, 2048, 7, 7)(358, 2048, 1, 1)_0_1_0.8808116380062849_kernel_name [0.114872291, 0.07101360999999999, 0.2674412727355957, 0.2701438218355179]
/root/user-data/TVM_GPU/code/modelCode/model/resnet50/(1, 358, 7, 7)(358, 358, 3, 3)_1_1_0.82492050116344_kernel_name [0.222606955, 0.11166090999999999, 0.22876501083374023, 0.3049541264772415]
/root/user-data/TVM_GPU/code/modelCode/model/resnet50/(1, 358, 7, 7)(2048, 358, 1, 1)_0_1_0.8811335217353352_kernel_name [0.017128226, 0.05892408, 0.06719112396240234, 0.2644919604063034]
/root/user-data/TVM_GPU/code/modelCode/model/resnet50/(1, 2048, 7, 7)(358, 2048, 1, 1)_0_1_0.8811867143854748_kernel_name [0.099244688, 0.05459734, 0.2596712112426758, 0.26365041732788086]
/root/user-data/TVM_GPU/code/modelCode/model/resnet50/(1, 358, 7, 7)(358, 358, 3, 3)_1_1_0.8249759856295233_kernel_name [0.191544488, 0.13828262, 0.22335052490234375, 0.297371968626976]
/root/user-data/TVM_GPU/code/modelCode/model/resnet50/(1, 358, 7, 7)(2048, 358, 1, 1)_0_1_0.8809262067912011_kernel_name [0.017560925, 0.05526109, 0.06847143173217773, 0.26124894618988037]
